28.0
27.0
26.0
25.0
26.0
26.0
26.0
26.0
26.0
26.0
25.0
24.0
24.0
24.0
24.0
25.0
24.0
23.5
23.0
23.0
25.0
25.0
25.0
24.0
23.0
21.0
21.0
20.0
21.0
22.0
21.5
22.0
23.0
23.0
23.5
24.0
23.5
23.0
24.0
24.0
24.0
24.0
24.0
24.0
22.0
21.0
22.0
22.0
22.0
22.0
23.0
23.0
23.0
22.0
22.0
21.0
22.0
21.0
21.0
23.0
22.0
22.0
22.0
22.0
22.0
22.0
22.0
22.0
23.0
22.0
21.0
20.0
21.0
19.0
22.0
21.5
21.5
22.0
22.0
22.0
21.0
21.0
22.0
22.0
22.0
22.0
22.0
21.0
21.0
20.0
19.0
22.0
20.0
21.0
19.0
21.0
21.0
21.0
22.0
21.0
21.0
22.0
21.0
19.0
19.0
21.0
20.0
20.0
19.0
20.0
22.0
21.0
23.0
21.0
21.0
22.0
22.0
24.5
23.0
25.0
25.0
24.0
24.0
23.0
24.0
24.0
23.0
26.0
25.0
25.5
26.0
27.0
27.0
28.0
28.0
28.0
31.0
35.0
35.5
33.0
32.0
31.0
30.0
31.0
30.0
31.0
30.0
29.0
28.0
28.0
27.0
27.0
27.0
26.0
25.0
23.0
23.0
22.0
23.0
24.0
23.0
26.0
26.0
24.0
26.0
26.0
26.0
26.0
26.0
26.0
26.0
25.0
25.0
26.0
28.0
26.0
27.0
27.0
27.0
28.0
29.0
30.0
28.0
29.0
30.0
29.0
30.0
30.0
31.0
31.0
31.0
30.0
29.0
25.0
26.0
25.0
22.0
24.0
23.0
24.0
22.0
24.5
24.0
26.0
27.0
27.0
27.0
27.0
27.0
27.0
26.0
25.0
26.0
25.0
25.0
23.0
22.0
24.0
22.0
21.0
23.0
22.0
21.0
20.0
22.0
21.0
20.0
20.0
19.0
20.0
20.0
22.5
19.0
21.5
21.0
21.0
21.0
21.0
21.0
23.0
22.0
22.0
22.0
21.0
20.0
21.0
21.0
20.0
20.0
19.0
20.0
19.0
19.0
20.0
19.5
19.5
20.0
19.0
18.0
21.0
22.0
23.0
22.0
21.0
22.5
23.0
23.0
24.0
24.0
25.0
23.0
23.0
23.0
23.0
22.0
23.0
22.0
22.0
21.0
20.0
19.0
19.0
19.0
21.0
21.0
20.0
19.0
19.0
20.0
21.0
22.0
23.0
24.0
21.0
24.0
23.0
22.0
24.0
22.0
22.0
22.5
24.5
22.0
22.0
23.0
24.0
24.0
21.5
24.0
25.0
24.0
24.0
23.0
22.0
23.0
22.0
22.0
23.0
21.0
20.0
20.0
21.0
21.0
20.0
22.0
23.0
22.0
22.0
20.0
20.0
19.0
18.0
16.0
17.0
18.0
18.0
18.0
17.0
17.0
17.0
18.0
16.0
16.0
17.5
19.0
20.0
19.0
20.0
19.0
20.0
20.0
19.0
21.0
21.0
21.0
19.0
18.0
20.0
21.0
20.0
19.0
18.0
22.0
20.0
20.0
21.0
20.0
22.0
22.0
21.0
21.0
22.0
22.0
21.0
21.0
20.0
20.0
21.0
20.0
20.0
22.0
22.0
20.0
19.0
18.0
18.0
21.0
21.0
21.0
21.0
20.0
22.0
21.0
22.0
21.0
20.0
20.0
20.0
18.0
18.0
18.0
20.0
19.0
18.0
19.0
19.0
21.0
19.0
21.0
21.0
20.0
20.0
20.0
19.0
19.0
18.0
19.0
19.0
20.0
19.0
20.0
21.0
19.0
21.0
22.0
21.0
22.0
24.0
20.0
21.0
25.0
25.0
26.0
25.0
26.0
25.0
25.0
25.0
23.0
25.0
24.0
24.0
24.0
23.0
23.0
21.0
22.2
23.0
23.0
26.0
27.0
27.0
28.0
28.0
26.0
27.0
26.0
28.0
26.0
28.0
27.0
27.0
26.0
26.0
28.0
27.0
27.0
27.5
28.0
28.0
25.0
27.0
26.0
25.0
25.0
25.0
24.5
24.5
24.0
23.0
22.0
22.0
24.0
24.0
24.0
24.0
24.5
24.0
25.3
23.0
22.0
23.0
24.0
24.0
24.0
22.0
23.0
22.0
22.0
21.0
23.0
21.0
23.5
24.0
22.0
22.0
21.0
21.0
20.5
21.0
19.0
24.0
24.0
24.0
25.0
23.0
22.0
21.0
21.0
21.0
22.0
21.0
20.0
20.0
21.0
20.0
19.0
19.0
18.0
20.0
20.0
22.0
21.0
20.0
20.0
20.0
21.0
20.0
20.0
19.0
19.0
19.0
21.0
23.0
22.0
22.0
22.0
21.0
22.0
22.0
24.0
22.0
20.0
20.0
23.0
22.0
21.0
21.0
21.0
19.0
19.0
20.0
20.0
23.0
23.0
24.0
24.0
23.0
22.0
21.0
22.0
23.0
24.0
25.0
25.0
25.0
25.0
23.0
23.0
22.0
23.0
25.0
25.0
25.0
25.0
23.0
25.0
25.0
26.0
25.0
21.0
20.0
22.0
24.0
24.0
25.0
22.5
23.0
24.0
23.5
23.5
23.5
25.0
24.0
24.0
28.0
28.0
27.0
27.0
26.0
28.0
27.0
24.0
25.0
26.0
26.0
25.0
24.0
24.0
23.0
23.0
24.0
22.0
23.0
22.0
22.0
21.0
20.0
20.0
20.0
18.0
17.0
19.0
22.0
21.0
20.0
20.0
19.0
19.0
18.0
18.0
17.0
17.0
18.0
17.0
18.0
16.0
16.0
17.0
16.0
15.0
15.0
16.0
17.0
15.0
17.0
15.0
17.5
17.0
18.0
18.0
18.0
18.0
17.0
17.0
17.0
17.0
17.0
18.0
17.0
16.0
16.0
15.0
16.0
16.0
15.0
14.0
14.0
18.0
16.0
14.0
15.0
15.0
15.0
15.0
15.0
16.0
16.0
16.0
17.0
15.0
17.0
16.0
17.0
14.0
18.0
19.0
18.0
17.0
17.0
17.0
17.0
16.0
15.0
14.0
15.0
14.0
14.0
14.0
12.0
14.0
15.0
15.0
15.0
15.0
16.0
16.0
17.0
15.0
16.5
17.0
17.0
17.0
16.0
16.0
17.0
17.0
17.0
16.0
17.0
17.0
16.5
16.5
16.0
16.5
17.0
17.0
16.0
15.5
16.0
16.0
15.0
17.0
17.0
17.0
18.0
18.0
17.0
17.0
17.0
16.5
16.0
16.0
15.0
15.0
16.0
14.0
14.0
14.0
15.0
14.0
14.0
15.0
15.0
14.0
14.0
12.0
13.0
12.0
11.0
12.0
13.0
14.0
13.0
13.0
12.5
12.5
12.5
12.0
12.0
12.0
12.0
12.0
12.5
13.0
13.0
13.0
14.0
14.0
14.0
13.0
14.0
14.0
12.5
12.5
12.5
12.5
11.0
13.0
13.0
14.0
14.0
14.0
14.5
14.5
15.0
15.0
14.0
13.5
13.0
14.0
14.0
13.0
15.0
14.0
16.0
15.0
12.0
14.0
13.5
15.0
15.0
15.0
15.0
15.0
15.0
15.0
15.0
15.0
15.0
15.0
14.0
16.0
15.0
14.0
13.0
14.0
12.0
13.0
12.0
11.0
13.0
13.0
13.0
13.0
13.0
13.0
12.0
12.0
12.0
11.0
12.0
12.0
12.0
12.0
11.0
12.0
10.0
12.0
11.0
11.0
11.5
12.0
12.0
10.5